<?xml version="1.0"?>
<opencv_storage>
<calibration_time>"Вс 21 апр 2019 17:09:34"</calibration_time>
<nr_of_frames>35</nr_of_frames>
<image_width>1280</image_width>
<image_height>720</image_height>
<board_width>9</board_width>
<board_height>6</board_height>
<square_size>50.</square_size>
<fix_aspect_ratio>1.</fix_aspect_ratio>
<!-- flags: +fix_aspectRatio +fix_principal_point +zero_tangent_dist +fix_k4 +fix_k5 -->
<flags>6158</flags>
<fisheye_model>0</fisheye_model>
<camera_matrix type_id="opencv-matrix">
  <rows>3</rows>
  <cols>3</cols>
  <dt>d</dt>
  <data>
    1.0669444805686599e+03 0. 640. 0. 1.0669444805686599e+03 360. 0. 0.
    1.</data></camera_matrix>
<distortion_coefficients type_id="opencv-matrix">
  <rows>5</rows>
  <cols>1</cols>
  <dt>d</dt>
  <data>
    2.7163439006844492e-01 -1.8322311211594593e+00 0. 0.
    3.0944935010420944e+00</data></distortion_coefficients>
<avg_reprojection_error>1.3651864187092604e+00</avg_reprojection_error>
<per_view_reprojection_errors type_id="opencv-matrix">
  <rows>35</rows>
  <cols>1</cols>
  <dt>f</dt>
  <data>
    1.24118793e+00 6.99339032e-01 8.47754657e-01 1.82311118e+00
    1.75797868e+00 7.93796301e-01 1.54887617e+00 1.44294024e+00
    8.34674716e-01 7.47831643e-01 1.24590278e+00 1.36292529e+00
    1.66246128e+00 1.63898444e+00 1.92043078e+00 1.21890056e+00
    1.11230183e+00 1.37219584e+00 1.37951243e+00 1.39855886e+00
    1.34152889e+00 1.77498293e+00 1.86993325e+00 1.14445817e+00
    1.17034948e+00 1.27507019e+00 1.30566239e+00 1.40004873e+00
    1.50898361e+00 1.31391633e+00 1.46962011e+00 7.47321367e-01
    8.71741414e-01 1.52057338e+00 1.57395291e+00</data></per_view_reprojection_errors>
<!-- a set of 6-tuples (rotation vector + translation vector) for each view -->
<extrinsic_parameters type_id="opencv-matrix">
  <rows>35</rows>
  <cols>6</cols>
  <dt>d</dt>
  <data>
    -1.1348336287561314e+00 -1.8783055208090582e-01
    -4.3286364842572825e-02 -4.0830874073091826e+02
    -9.3873156235343060e+01 9.1335089311049603e+02
    1.2253110080156135e-02 -5.9956030149493944e-01
    -2.3938561314926683e-02 -3.5201013024543147e+02
    -1.0697123627993273e+02 8.9390499080283462e+02
    -9.4650355523218432e-02 -7.8173306457463121e-01
    -2.9141622868592437e-02 -3.1449841038825411e+02
    -1.1477877278843356e+02 6.9422216241252977e+02
    2.2324527129052724e-01 2.5806699439748465e-01
    -2.7432799551595560e-01 -3.6644854834677477e+02
    -7.3823297662810262e+01 8.5640344269977686e+02
    2.1682297197652597e-01 2.8748586880633531e-01
    -2.8369552166178758e-01 -3.7200441651545134e+02
    -7.1647514993300831e+01 8.4338029851408294e+02
    -9.5160390906422954e-01 -4.9284891775425754e-01
    -1.5710759553120285e-01 -3.6634994730630746e+02
    -6.3064027096328964e+01 1.2108734287169336e+03
    -8.3310027948347368e-02 2.6629436217695085e-01
    -2.8948594545860563e-02 -3.8637446684644101e+02
    -1.2761654635789618e+02 8.5284089490587007e+02
    -7.0860492691969118e-02 3.2517066684644730e-01
    -5.8168508177765317e-02 -3.9118694954438962e+02
    -1.3335075530904379e+02 8.4545531982287071e+02
    -2.0027279120180311e-01 -1.1139965737375745e+00
    5.8581650930793405e-03 -2.5858753648272273e+02
    -1.1686769533540651e+02 7.4117003818109197e+02
    -1.6621388344369012e-01 -8.1698395354484210e-01
    -4.6956752884819201e-02 -2.8453123449678588e+02
    -1.1532173717076995e+02 6.7578826046466827e+02
    -9.9772369265673067e-02 -6.1171159153997334e-01
    -6.5021594867997107e-02 -3.1276452972990654e+02
    -1.0590152525089557e+02 6.5855926305218634e+02
    -1.0425673812516867e-01 -6.0864469727181048e-01
    -7.3524525759541146e-02 -3.1603511353864502e+02
    -1.0564241894169925e+02 6.4829238088804277e+02
    -7.7892865885708137e-02 -5.0129078988280340e-01
    -9.0267183937570661e-02 -3.3063680922480989e+02
    -9.8233048677766320e+01 6.7504912638726023e+02
    2.8403684825447351e-01 -2.9911760565110868e-01
    1.4308854968689250e-02 -3.5109471289068932e+02
    -9.4251755008577661e+01 8.0052271181067101e+02
    2.5516183192280678e-01 -2.7629781564844907e-01
    -1.8106119550421303e-02 -3.6292252870390951e+02
    -9.5902490558904049e+01 7.8778692250508323e+02
    -1.1338558186157317e+00 -1.9591669955436267e-01
    -3.8468755639240064e-02 -4.0526123032987829e+02
    -9.2985188997195593e+01 9.1642238924053106e+02
    5.9491683832254250e-01 -5.1037254724804726e-01
    1.7579526417444247e-01 -2.9198602334438493e+02
    -1.2911917448479414e+02 7.3626885557461071e+02
    9.0160782614297963e-01 -4.1041145077714714e-01
    1.2129438014642030e-01 -3.2069920833185245e+02
    -8.4183975616915163e+01 6.9514683849364428e+02
    7.7420605555729397e-02 4.9163822370648769e-01
    -6.9464132223438849e-02 -3.8948142645625217e+02
    -1.2567499544537876e+02 8.3883837684317325e+02
    9.5367209844785195e-02 5.2309645105056635e-01
    -8.1184982520703955e-02 -3.8751006224888658e+02
    -1.2459635143969838e+02 8.3150854980189649e+02
    1.1510265775996190e-01 7.6903528310019753e-01 7.1725249520596931e-02
    -3.3746323175420378e+02 -1.7291014213688416e+02
    9.2660411442219981e+02 4.0099675640313992e-01
    -1.6362677842441145e-01 -6.1032066501703907e-04
    -3.6245692107310606e+02 -1.4909630516118801e+02
    8.6185933803575733e+02 5.3270717524463573e-01 1.3367357130138607e-01
    -4.8096970722235219e-02 -3.8895768566381327e+02
    -1.4672292546026168e+02 8.1753731619397968e+02
    -9.5441265403606312e-01 -4.5031119642313172e-01
    -9.5227697983077814e-02 -3.6987822679680738e+02
    -8.8248823727361113e+01 8.7810357098316535e+02
    -1.0841913547588471e+00 -3.3459556054538470e-01
    -1.7592723719793368e-01 -4.0977578088190944e+02
    -7.1081968167653642e+01 8.6915592105933183e+02
    -1.0831594989831046e+00 -3.2639788503523737e-01
    -1.8021542115634737e-01 -4.1003472740478401e+02
    -7.2379930286352405e+01 8.6252436268738040e+02
    5.1332901612818171e-01 -5.5929996164084461e-01
    1.0415227047690687e-01 -2.9127058476742735e+02
    -1.1447404479168281e+02 6.9770221595234864e+02
    4.8944901619904402e-01 -5.3965142787838372e-01
    8.0440281678426359e-02 -2.9647152813582017e+02
    -1.0861658492889174e+02 6.7279549906054717e+02
    1.8107492720145241e-01 3.2268698477992547e-01 8.6608988772514398e-02
    -3.8561811443454462e+02 -1.8865060348612280e+02
    8.8535084328996970e+02 2.1900760300481065e-01 5.6034886182001220e-01
    1.0440335652926694e-01 -3.9271999609431441e+02
    -1.9137954204129119e+02 8.5322916846375574e+02
    2.2355731275784546e-01 5.1482352102759421e-01 1.1195253644361093e-01
    -3.8594273994554356e+02 -1.8576654119373927e+02
    8.4161147751038686e+02 9.1489861674640183e-02
    -8.9451332969703279e-01 1.2193377303094148e-01
    -2.5124531134836556e+02 -1.5545062058303770e+02
    6.8836751272364154e+02 2.6447915836280483e-01
    -1.0401945829301038e+00 1.5956647324839821e-01
    -2.4113662998589109e+02 -1.2963874055727456e+02
    6.4956997138488339e+02 3.6919081191696590e-01
    -4.5261892360983996e-01 5.0292657300849017e-02
    -3.7679648930994881e+02 -1.2228726609660650e+02
    7.5334016547220517e+02 5.6986173901752601e-01
    -3.6059892976371449e-01 6.8181414308627675e-02
    -3.5994692984679921e+02 -1.4765815271680603e+02
    7.3233816570728891e+02</data></extrinsic_parameters>
